1.760000000000000000e+02
3.560000000000000000e+02
3.620000000000000000e+02
5.420000000000000000e+02
5.660000000000000000e+02
7.360000000000000000e+02
7.660000000000000000e+02
9.460000000000000000e+02
9.640000000000000000e+02
1.148000000000000000e+03
1.156000000000000000e+03
1.348000000000000000e+03
1.354000000000000000e+03
1.548000000000000000e+03
1.752000000000000000e+03
1.932000000000000000e+03
1.952000000000000000e+03
2.130000000000000000e+03
2.154000000000000000e+03
2.326000000000000000e+03
2.356000000000000000e+03
2.526000000000000000e+03
2.558000000000000000e+03
2.730000000000000000e+03
2.750000000000000000e+03
2.934000000000000000e+03
2.954000000000000000e+03
3.136000000000000000e+03
3.144000000000000000e+03
3.334000000000000000e+03
3.342000000000000000e+03
3.534000000000000000e+03
3.540000000000000000e+03
3.734000000000000000e+03
3.738000000000000000e+03
3.894000000000000000e+03
1.554000000000000000e+03
1.746000000000000000e+03
